-5.00000    10.13863
-4.90000    10.24574
-4.80000    10.64981
-4.70000    11.01684
-4.60000    11.18279
-4.50000    11.13436
-4.40000    10.88342
-4.30000    10.41804
-4.20000    9.75146
-4.10000    9.04767
-4.00000    8.64059
-3.90000    8.72636
-3.80000    9.10879
-3.70000    9.45387
-3.60000    9.59756
-3.50000    9.52656
-3.40000    9.25271
-3.30000    8.76411
-3.20000    8.07398
-3.10000    7.34629
-3.00000    6.91498
-2.90000    6.97618
-2.80000    7.33368
-2.70000    7.65348
-2.60000    7.77152
-2.50000    7.67451
-2.40000    7.37429
-2.30000    6.85894
-2.20000    6.14167
-2.10000    5.38646
-2.00000    4.92723
-1.90000    4.96012
-1.80000    5.28891
-1.70000    5.57959
-1.60000    5.66809
-1.50000    5.54112
-1.40000    5.21052
-1.30000    4.66435
-1.20000    3.91582
-1.10000    3.12891
-1.00000    2.63753
-0.90000    2.63781
-0.80000    2.93352
-0.70000    3.19065
-0.60000    3.24513
-0.50000    3.08365
-0.40000    2.71805
-0.30000    2.13638
-0.20000    1.35185
-0.10000    0.52842
-0.00000    0.00000
0.10000    0.52842
0.20000    1.35185
0.30000    2.13638
0.40000    2.71805
0.50000    3.08365
0.60000    3.24513
0.70000    3.19065
0.80000    2.93352
0.90000    2.63781
1.00000    2.63753
1.10000    3.12891
1.20000    3.91582
1.30000    4.66435
1.40000    5.21052
1.50000    5.54112
1.60000    5.66809
1.70000    5.57959
1.80000    5.28891
1.90000    4.96012
2.00000    4.92723
2.10000    5.38646
2.20000    6.14167
2.30000    6.85894
2.40000    7.37429
2.50000    7.67451
2.60000    7.77152
2.70000    7.65348
2.80000    7.33368
2.90000    6.97618
3.00000    6.91498
3.10000    7.34629
3.20000    8.07398
3.30000    8.76411
3.40000    9.25271
3.50000    9.52656
3.60000    9.59756
3.70000    9.45387
3.80000    9.10879
3.90000    8.72636
4.00000    8.64059
4.10000    9.04767
4.20000    9.75146
4.30000    10.41804
4.40000    10.88342
4.50000    11.13436
4.60000    11.18279
4.70000    11.01684
4.80000    10.64981
4.90000    10.24574
5.00000    10.13863
5.10000    10.52467
5.20000    11.20773
5.30000    11.85386
5.40000    12.29907
5.50000    12.53013
5.60000    12.55896
5.70000    12.37369
5.80000    11.98760
5.90000    11.56475
